20.52 0.13 4.59 27.82 0.25 4.58 21.87 0.15 2.73 11.52 0.2 2.51 27.38 0.11 4.76 18.85 0.11 3.15
16.23 0.1 3.75 23.49 0.16 3.92 17.65 0.11 2.6 29.88 0.11 4.4 25.21 0.19 4.81 26.1 0.14 4.44
26.13 0.14 3.56 19.18 0.22 4.89 22.32 0.17 3.0 14.54 0.11 2.21 29.3 0.1 2.67 27.53 0.17 3.46
18.69 0.13 4.91 29.95 0.23 3.53 13.76 0.11 2.28 25.69 0.17 3.05 24.3 0.14 2.81 15.61 0.18 4.85
19.79 0.14 3.25 22.16 0.27 3.3 25.64 0.26 2.32 14.52 0.12 2.47 20.41 0.14 4.26 17.7 0.15 3.1
16.29 0.25 3.16 20.44 0.26 3.78 10.65 0.27 4.63 20.8 0.29 3.91 29.39 0.22 3.36 24.48 0.15 3.42
10.68 0.13 3.73 20.39 0.13 4.17 29.44 0.16 2.73 17.66 0.13 4.05 17.61 0.13 4.01 19.09 0.23 4.87
25.22 0.27 4.58 11.77 0.21 2.65 22.82 0.17 2.95 11.4 0.12 2.95 29.61 0.14 3.7 29.68 0.17 2.89
26.28 0.15 3.34 28.41 0.24 4.77 21.74 0.3 3.02 10.52 0.26 3.76 16.63 0.26 3.81 15.66 0.28 4.73
12.62 0.27 3.12 20.88 0.22 4.94 21.64 0.2 2.31 21.66 0.2 3.41 18.11 0.22 4.49 25.48 0.19 2.85
11.36 0.24 3.91 10.3 0.24 2.2 26.37 0.13 3.23 17.3 0.24 3.37 22.32 0.29 4.8 21.25 0.29 4.2
13.61 0.12 3.35 20.72 0.14 2.5 17.87 0.15 4.37 18.08 0.25 2.96 25.94 0.26 2.1 23.91 0.25 3.01
12.91 0.21 3.08 14.4 0.11 2.32 26.59 0.14 2.92 23.01 0.22 2.04 20.69 0.29 4.6 26.09 0.15 3.92
21.43 0.18 2.14 25.41 0.26 4.53 11.46 0.23 4.5 23.02 0.25 4.76 13.22 0.25 2.21 25.97 0.18 2.32
27.71 0.2 3.94 12.56 0.12 2.06 22.92 0.1 3.78 15.31 0.17 3.08 20.9 0.1 2.52 27.18 0.17 4.38
20.87 0.11 4.19 14.94 0.22 2.29 19.7 0.21 3.19 22.82 0.12 2.16 18.9 0.24 3.96 26.21 0.1 4.91
22.8 0.29 2.76 27.71 0.21 3.12 19.41 0.24 3.53 20.95 0.16 3.01 29.82 0.24 2.37 25.06 0.15 2.11
26.74 0.17 4.23 10.83 0.18 4.43 23.89 0.28 3.3 29.2 0.25 2.3 17.54 0.21 2.68 15.98 0.19 4.34
26.03 0.18 2.77 20.06 0.21 2.37 15.05 0.27 4.64 27.14 0.16 3.86 17.92 0.23 4.42 28.1 0.24 4.18
12.52 0.16 4.87 28.24 0.1 4.68 16.1 0.11 2.83 28.09 0.24 4.3 16.44 0.24 4.65 10.24 0.2 3.01
