10 20 15 4 1125
13.0 0.46 14.0 0.18 7.0 0.35 6.0 0.42 9.0 0.41 11.0 0.38 7.0 0.33 0.0 0.16 8.0 0.18 4.0 0.18 8.0 0.24 2.0 0.46 9.0 0.35 5.0 0.46 3.0 0.42 12.0 0.31 6.0 0.41 10.0 0.36 13.0 0.26 1.0 0.4
14.0 0.26 10.0 0.4 12.0 0.2 11.0 0.27 8.0 0.25 6.0 0.35 13.0 0.5 3.0 0.17 11.0 0.23 3.0 0.26 5.0 0.47 5.0 0.16 0.0 0.45 1.0 0.31 0.0 0.23 13.0 0.19 7.0 0.27 2.0 0.22 4.0 0.17 9.0 0.32
0.0 0.26 3.0 0.34 14.0 0.39 8.0 0.22 4.0 0.3 10.0 0.45 2.0 0.26 9.0 0.44 11.0 0.38 6.0 0.49 13.0 0.2 12.0 0.35 2.0 0.29 1.0 0.21 6.0 0.23 7.0 0.45 5.0 0.28 11.0 0.24 12.0 0.33 13.0 0.22
7.0 0.28 4.0 0.45 7.0 0.47 6.0 0.38 11.0 0.21 12.0 0.16 9.0 0.16 13.0 0.24 1.0 0.47 2.0 0.26 14.0 0.23 10.0 0.5 5.0 0.34 2.0 0.22 8.0 0.26 0.0 0.36 9.0 0.33 6.0 0.19 13.0 0.48 3.0 0.47
6.0 0.44 8.0 0.16 9.0 0.42 5.0 0.3 3.0 0.22 1.0 0.24 14.0 0.4 13.0 0.15 12.0 0.34 2.0 0.4 5.0 0.33 0.0 0.49 11.0 0.49 7.0 0.33 0.0 0.5 7.0 0.22 10.0 0.43 8.0 0.22 4.0 0.41 1.0 0.34
11.0 0.3 13.0 0.39 8.0 0.45 3.0 0.48 7.0 0.43 2.0 0.31 10.0 0.28 9.0 0.33 6.0 0.22 14.0 0.26 4.0 0.23 12.0 0.32 9.0 0.36 0.0 0.2 6.0 0.26 8.0 0.5 12.0 0.45 10.0 0.28 5.0 0.47 1.0 0.26
5.0 0.35 6.0 0.33 7.0 0.44 3.0 0.21 14.0 0.49 6.0 0.35 4.0 0.28 14.0 0.28 1.0 0.19 10.0 0.43 12.0 0.3 11.0 0.28 2.0 0.22 1.0 0.23 13.0 0.26 0.0 0.42 2.0 0.48 8.0 0.32 4.0 0.19 9.0 0.16
13.0 0.19 2.0 0.48 7.0 0.16 10.0 0.45 14.0 0.47 12.0 0.39 9.0 0.17 11.0 0.35 5.0 0.18 6.0 0.33 8.0 0.27 12.0 0.29 4.0 0.41 3.0 0.45 13.0 0.47 11.0 0.32 1.0 0.45 8.0 0.29 0.0 0.2 2.0 0.41
10.0 0.37 5.0 0.16 3.0 0.49 12.0 0.35 0.0 0.26 12.0 0.36 1.0 0.44 7.0 0.16 10.0 0.4 11.0 0.29 14.0 0.21 4.0 0.43 7.0 0.38 6.0 0.19 9.0 0.4 3.0 0.44 9.0 0.48 2.0 0.43 13.0 0.18 8.0 0.41
7.0 0.47 8.0 0.42 5.0 0.49 4.0 0.38 0.0 0.16 11.0 0.27 13.0 0.43 11.0 0.2 3.0 0.24 12.0 0.2 12.0 0.39 2.0 0.5 10.0 0.18 2.0 0.49 1.0 0.17 14.0 0.3 14.0 0.37 9.0 0.41 6.0 0.27 6.0 0.39
