29.96 0.29 3.81 28.69 0.18 3.18 21.37 0.15 4.04 14.65 0.14 2.36 29.6 0.27 4.34
23.26 0.2 4.34 15.77 0.11 4.2 17.25 0.11 4.53 18.3 0.29 2.26 12.07 0.13 4.78
17.03 0.18 4.16 22.61 0.27 3.68 28.47 0.18 2.59 15.21 0.26 2.87 25.38 0.22 4.97
14.35 0.26 3.85 15.92 0.16 4.6 19.2 0.17 3.0 20.73 0.22 4.64 29.62 0.12 3.43
26.13 0.12 3.46 13.44 0.14 2.74 21.95 0.19 4.78 27.29 0.26 2.55 25.97 0.21 4.54
25.03 0.1 3.28 19.23 0.28 4.9 24.68 0.18 3.46 10.47 0.23 2.61 25.3 0.13 4.92
13.68 0.27 4.48 20.56 0.23 2.55 10.02 0.22 3.63 16.19 0.21 4.54 27.26 0.25 4.96
18.38 0.22 2.08 17.59 0.2 3.11 28.5 0.28 4.17 21.14 0.14 2.23 20.52 0.16 4.65
20.11 0.18 2.11 27.19 0.13 2.34 23.98 0.16 3.94 27.23 0.19 2.33 14.46 0.28 3.57
10.13 0.16 2.82 28.89 0.24 2.74 20.66 0.27 4.86 27.51 0.18 2.55 27.84 0.18 4.67
