18.7 0.16 4.45 18.2 0.23 2.76 12.95 0.16 2.36 10.99 0.3 3.93 18.13 0.17 4.54
22.93 0.1 4.12 26.24 0.21 4.41 16.44 0.29 4.91 23.14 0.14 4.02 19.74 0.23 2.96
18.95 0.11 2.39 27.89 0.25 4.29 28.23 0.28 4.26 19.81 0.17 3.06 17.86 0.22 2.38
18.61 0.15 4.91 17.48 0.28 3.96 23.49 0.28 2.59 27.99 0.21 4.17 27.45 0.2 4.73
19.2 0.2 3.01 15.63 0.23 2.86 12.19 0.12 4.91 19.17 0.28 3.88 13.73 0.2 3.3
14.03 0.23 4.89 26.35 0.29 3.23 11.74 0.19 4.25 28.41 0.21 2.56 28.49 0.25 3.8
12.67 0.16 4.39 17.18 0.17 3.36 26.39 0.26 2.27 21.66 0.3 2.58 10.35 0.15 2.48
13.56 0.19 2.2 22.78 0.21 2.71 12.22 0.1 4.48 18.74 0.28 3.51 11.5 0.22 4.52
15.89 0.29 3.51 18.16 0.11 3.6 15.18 0.19 3.76 24.26 0.18 4.39 23.75 0.14 4.75
11.59 0.15 2.25 16.29 0.17 4.48 29.75 0.3 4.82 28.44 0.23 4.12 23.49 0.18 2.33
20.62 0.16 4.46 27.15 0.15 3.07 27.06 0.17 4.77 18.56 0.13 3.7 26.82 0.19 4.75
22.11 0.28 4.69 13.35 0.23 3.38 12.58 0.18 3.94 17.44 0.18 3.15 18.02 0.17 4.22
21.71 0.25 2.63 14.48 0.21 2.33 28.07 0.13 4.5 24.54 0.23 4.15 19.78 0.18 2.19
16.07 0.26 4.77 23.38 0.21 3.86 27.84 0.28 3.63 24.07 0.18 3.08 14.24 0.22 3.58
17.72 0.11 4.51 10.47 0.23 2.1 16.31 0.16 4.29 17.4 0.27 3.31 16.31 0.27 4.98
18.09 0.28 4.85 13.62 0.29 2.33 27.12 0.12 3.0 12.64 0.26 2.97 26.12 0.11 2.98
20.13 0.2 3.76 15.57 0.23 3.21 21.76 0.19 4.71 15.91 0.19 4.96 22.19 0.19 2.84
18.28 0.18 3.85 21.22 0.14 3.11 19.96 0.21 4.84 17.64 0.12 4.29 14.0 0.11 4.03
10.09 0.22 4.22 14.4 0.27 2.69 12.84 0.23 3.51 26.5 0.27 2.06 24.63 0.29 2.56
25.67 0.12 3.79 26.0 0.19 3.71 21.86 0.17 2.63 14.85 0.27 3.89 19.18 0.18 3.74
