22.69 0.17 4.19 14.83 0.15 4.05 21.34 0.16 4.22 15.81 0.17 3.9 20.71 0.13 3.38 11.97 0.25 4.59
20.29 0.13 2.34 22.23 0.12 2.85 27.27 0.13 2.92 17.48 0.24 4.97 19.96 0.2 4.91 17.1 0.23 3.29
24.43 0.23 3.61 20.46 0.26 4.98 16.47 0.26 3.11 24.79 0.15 2.68 11.66 0.16 2.6 27.27 0.15 4.16
12.28 0.12 3.94 15.57 0.14 3.42 16.29 0.28 3.01 23.62 0.11 4.92 27.61 0.27 3.31 20.07 0.26 2.27
14.65 0.24 4.31 13.19 0.11 2.69 29.65 0.25 3.97 22.85 0.11 3.98 21.67 0.14 2.99 27.24 0.24 4.06
14.56 0.11 4.73 23.37 0.18 3.63 18.85 0.11 2.4 12.64 0.26 4.83 28.61 0.14 2.01 20.11 0.13 3.01
18.61 0.15 4.32 18.08 0.29 3.48 27.19 0.24 2.61 12.36 0.29 2.62 19.66 0.18 3.29 28.43 0.24 4.58
19.31 0.2 2.21 27.7 0.12 3.67 28.21 0.16 3.27 11.35 0.27 4.08 11.64 0.14 3.6 21.92 0.23 2.11
10.35 0.14 3.9 15.73 0.14 2.99 20.16 0.22 2.56 25.29 0.13 2.41 16.85 0.2 2.05 15.5 0.27 3.14
17.24 0.23 4.32 27.18 0.29 3.66 12.57 0.23 4.43 11.06 0.21 4.22 28.2 0.28 4.6 21.93 0.26 2.18
