26.44 0.11 3.36 29.42 0.2 4.09 18.12 0.25 3.5 23.7 0.26 3.51 27.62 0.19 4.0
21.13 0.19 4.2 20.59 0.25 2.11 19.21 0.16 3.33 16.81 0.15 3.96 22.97 0.22 3.83
19.47 0.14 3.86 16.04 0.28 2.18 16.68 0.22 2.76 27.26 0.14 2.85 24.29 0.25 4.84
25.48 0.22 3.13 11.56 0.2 4.9 17.08 0.23 3.56 20.04 0.28 4.4 10.35 0.26 4.42
12.95 0.15 2.32 23.6 0.29 2.03 18.19 0.18 4.3 10.07 0.2 2.88 26.36 0.16 3.07
11.35 0.17 2.51 26.28 0.14 3.0 18.6 0.17 4.28 20.06 0.26 2.02 27.47 0.12 4.56
23.5 0.28 2.84 27.23 0.28 3.22 12.35 0.28 2.55 22.77 0.19 2.71 15.84 0.19 3.6
26.38 0.14 3.22 26.87 0.23 3.69 12.21 0.28 4.97 22.41 0.29 3.86 21.54 0.13 2.08
27.35 0.28 4.56 17.02 0.12 4.17 18.73 0.14 2.9 22.17 0.22 2.08 10.58 0.3 3.18
16.47 0.14 2.33 15.63 0.24 4.18 15.18 0.26 2.68 29.6 0.11 4.5 28.4 0.29 2.53
12.63 0.24 3.94 21.84 0.17 2.14 25.58 0.26 2.6 19.6 0.21 3.91 18.83 0.22 4.17
15.37 0.13 4.41 16.14 0.2 3.44 24.44 0.21 3.31 15.65 0.13 3.48 10.28 0.21 3.02
