16.48 0.16 2.85 25.97 0.13 3.31 17.93 0.1 3.18 17.45 0.1 4.94 18.78 0.22 2.2 15.62 0.14 4.07
13.69 0.2 4.11 12.63 0.17 4.93 24.35 0.28 2.01 27.71 0.19 3.61 16.38 0.2 2.18 10.49 0.27 2.51
28.16 0.12 2.02 20.95 0.18 2.6 25.02 0.11 4.0 12.89 0.19 3.39 27.39 0.29 3.72 12.53 0.13 3.6
21.71 0.19 4.64 23.09 0.26 2.83 11.18 0.13 3.44 24.18 0.14 4.49 28.26 0.15 2.22 13.01 0.18 3.14
19.25 0.18 3.31 18.97 0.11 2.37 24.85 0.24 3.47 25.42 0.14 3.0 15.45 0.28 3.87 22.24 0.18 2.89
18.56 0.26 4.82 13.3 0.2 2.59 27.58 0.15 4.47 21.68 0.16 4.19 24.69 0.12 4.47 15.77 0.27 3.89
28.18 0.17 2.48 27.11 0.25 2.21 24.84 0.25 2.3 25.52 0.28 2.54 29.69 0.28 2.36 20.37 0.27 2.35
28.84 0.16 4.43 26.4 0.26 4.77 25.36 0.28 4.03 16.61 0.23 2.72 18.48 0.3 3.45 26.11 0.23 3.07
23.26 0.28 4.59 18.31 0.24 3.97 25.31 0.17 3.78 27.09 0.29 3.05 24.48 0.19 2.54 29.82 0.13 3.17
20.24 0.1 3.94 15.76 0.15 4.54 18.21 0.3 3.98 12.88 0.14 4.72 26.33 0.13 4.1 10.06 0.28 2.66
