10 16 10 6 1245
0.0 0.42 1.0 0.26 7.0 0.32 9.0 0.32 3.0 0.5 7.0 0.44 0.0 0.4 2.0 0.45 9.0 0.41 8.0 0.41 5.0 0.23 4.0 0.49 6.0 0.38 3.0 0.19 1.0 0.43 4.0 0.33
6.0 0.45 2.0 0.48 9.0 0.24 7.0 0.24 3.0 0.49 8.0 0.36 5.0 0.16 5.0 0.23 2.0 0.42 0.0 0.43 0.0 0.27 7.0 0.34 6.0 0.33 4.0 0.23 1.0 0.16 3.0 0.46
6.0 0.26 9.0 0.19 7.0 0.27 5.0 0.48 9.0 0.45 5.0 0.26 3.0 0.3 1.0 0.17 4.0 0.24 7.0 0.34 2.0 0.39 3.0 0.34 1.0 0.44 8.0 0.18 8.0 0.36 0.0 0.48
8.0 0.33 6.0 0.22 5.0 0.2 9.0 0.35 4.0 0.37 6.0 0.38 0.0 0.18 9.0 0.16 7.0 0.46 1.0 0.16 8.0 0.39 5.0 0.21 2.0 0.33 3.0 0.42 1.0 0.32 2.0 0.29
8.0 0.29 4.0 0.45 0.0 0.31 2.0 0.35 7.0 0.19 1.0 0.44 5.0 0.39 1.0 0.25 2.0 0.28 7.0 0.38 6.0 0.47 0.0 0.4 8.0 0.44 4.0 0.45 3.0 0.39 9.0 0.45
0.0 0.16 8.0 0.46 0.0 0.31 7.0 0.45 4.0 0.23 6.0 0.35 7.0 0.5 8.0 0.49 9.0 0.45 5.0 0.15 2.0 0.47 9.0 0.15 4.0 0.26 1.0 0.48 3.0 0.22 1.0 0.49
8.0 0.43 8.0 0.46 6.0 0.24 5.0 0.3 1.0 0.37 9.0 0.36 3.0 0.21 0.0 0.24 7.0 0.33 2.0 0.35 1.0 0.5 2.0 0.15 9.0 0.39 4.0 0.4 3.0 0.17 5.0 0.45
4.0 0.19 9.0 0.5 6.0 0.35 5.0 0.27 1.0 0.17 2.0 0.24 6.0 0.36 0.0 0.32 5.0 0.5 3.0 0.23 7.0 0.28 9.0 0.32 2.0 0.23 3.0 0.32 8.0 0.17 8.0 0.42
6.0 0.44 6.0 0.45 1.0 0.36 7.0 0.34 0.0 0.2 1.0 0.36 8.0 0.29 4.0 0.29 9.0 0.46 2.0 0.39 2.0 0.3 9.0 0.3 5.0 0.26 4.0 0.4 3.0 0.34 5.0 0.48
8.0 0.41 2.0 0.43 8.0 0.31 5.0 0.19 6.0 0.25 0.0 0.42 1.0 0.5 0.0 0.43 7.0 0.19 3.0 0.33 7.0 0.45 9.0 0.4 4.0 0.41 2.0 0.16 5.0 0.38 1.0 0.28
