12 15 10 5 1600
2.0 0.15 0.0 0.32 4.0 0.42 9.0 0.27 1.0 0.16 6.0 0.35 5.0 0.49 3.0 0.21 7.0 0.21 8.0 0.41 3.0 0.47 5.0 0.34 9.0 0.15 8.0 0.38 0.0 0.44
6.0 0.32 9.0 0.17 3.0 0.47 9.0 0.43 8.0 0.28 1.0 0.34 2.0 0.26 2.0 0.15 5.0 0.21 1.0 0.26 5.0 0.35 0.0 0.42 7.0 0.37 4.0 0.24 8.0 0.22
6.0 0.37 7.0 0.24 5.0 0.45 1.0 0.43 6.0 0.17 4.0 0.27 0.0 0.33 9.0 0.37 3.0 0.41 0.0 0.35 2.0 0.26 2.0 0.38 8.0 0.35 5.0 0.31 7.0 0.47
1.0 0.4 3.0 0.21 8.0 0.36 0.0 0.15 7.0 0.26 5.0 0.27 7.0 0.41 5.0 0.43 2.0 0.28 4.0 0.27 9.0 0.23 6.0 0.15 6.0 0.17 4.0 0.38 2.0 0.4
6.0 0.2 0.0 0.36 3.0 0.4 1.0 0.31 4.0 0.34 5.0 0.39 7.0 0.19 9.0 0.4 1.0 0.49 6.0 0.16 9.0 0.46 7.0 0.19 2.0 0.31 4.0 0.3 8.0 0.18
9.0 0.17 6.0 0.44 3.0 0.4 4.0 0.31 2.0 0.4 2.0 0.21 7.0 0.24 0.0 0.22 6.0 0.36 7.0 0.25 0.0 0.21 1.0 0.43 8.0 0.4 5.0 0.42 8.0 0.3
8.0 0.45 3.0 0.42 2.0 0.31 6.0 0.39 0.0 0.35 1.0 0.19 6.0 0.26 8.0 0.29 1.0 0.45 4.0 0.33 7.0 0.19 9.0 0.3 5.0 0.27 4.0 0.31 3.0 0.3
1.0 0.32 0.0 0.16 1.0 0.16 6.0 0.37 3.0 0.43 5.0 0.32 9.0 0.17 4.0 0.43 7.0 0.43 9.0 0.49 6.0 0.41 4.0 0.31 2.0 0.32 8.0 0.23 7.0 0.25
3.0 0.49 4.0 0.5 6.0 0.16 8.0 0.47 9.0 0.24 1.0 0.4 7.0 0.49 9.0 0.27 0.0 0.18 7.0 0.34 2.0 0.18 4.0 0.24 3.0 0.48 0.0 0.4 5.0 0.26
1.0 0.26 6.0 0.45 9.0 0.44 8.0 0.34 4.0 0.37 0.0 0.18 6.0 0.19 8.0 0.3 2.0 0.16 2.0 0.36 5.0 0.46 7.0 0.27 0.0 0.43 3.0 0.4 5.0 0.34
7.0 0.41 5.0 0.31 9.0 0.26 9.0 0.43 1.0 0.44 6.0 0.18 2.0 0.47 8.0 0.36 3.0 0.38 4.0 0.34 1.0 0.33 0.0 0.32 5.0 0.32 7.0 0.35 2.0 0.46
2.0 0.4 3.0 0.46 7.0 0.32 5.0 0.46 6.0 0.34 0.0 0.29 6.0 0.45 5.0 0.17 8.0 0.35 9.0 0.47 9.0 0.3 4.0 0.32 4.0 0.39 0.0 0.46 1.0 0.35
