10 12 8 5 1330
6.0 0.38 1.0 0.24 0.0 0.16 1.0 0.42 7.0 0.16 5.0 0.28 6.0 0.47 4.0 0.44 2.0 0.18 4.0 0.28 3.0 0.33 5.0 0.41
1.0 0.36 7.0 0.4 5.0 0.47 5.0 0.5 0.0 0.47 6.0 0.25 0.0 0.46 3.0 0.43 2.0 0.22 4.0 0.25 6.0 0.44 3.0 0.23
6.0 0.38 0.0 0.23 2.0 0.29 7.0 0.37 3.0 0.41 4.0 0.34 0.0 0.47 6.0 0.39 4.0 0.37 1.0 0.34 5.0 0.42 5.0 0.31
4.0 0.22 6.0 0.45 7.0 0.43 7.0 0.18 1.0 0.45 1.0 0.28 2.0 0.44 5.0 0.49 3.0 0.28 3.0 0.49 0.0 0.45 6.0 0.16
1.0 0.43 0.0 0.22 3.0 0.36 0.0 0.46 1.0 0.48 7.0 0.16 5.0 0.17 2.0 0.24 2.0 0.22 6.0 0.2 6.0 0.18 4.0 0.22
2.0 0.16 1.0 0.36 7.0 0.31 3.0 0.24 5.0 0.23 7.0 0.5 4.0 0.36 6.0 0.47 6.0 0.27 0.0 0.18 3.0 0.25 5.0 0.35
2.0 0.37 1.0 0.44 5.0 0.27 7.0 0.41 3.0 0.31 4.0 0.27 6.0 0.47 6.0 0.16 3.0 0.19 0.0 0.33 1.0 0.42 2.0 0.29
1.0 0.44 6.0 0.23 0.0 0.2 3.0 0.17 5.0 0.47 6.0 0.45 3.0 0.21 4.0 0.19 5.0 0.22 7.0 0.31 0.0 0.45 2.0 0.32
2.0 0.37 7.0 0.4 3.0 0.21 3.0 0.32 0.0 0.37 6.0 0.37 1.0 0.36 2.0 0.32 5.0 0.22 4.0 0.17 6.0 0.23 1.0 0.39
6.0 0.48 7.0 0.25 6.0 0.42 2.0 0.4 5.0 0.21 4.0 0.22 1.0 0.46 0.0 0.29 2.0 0.39 3.0 0.2 7.0 0.15 0.0 0.24
