10 15 10 4 1275
7.0 0.33 6.0 0.5 3.0 0.38 7.0 0.44 4.0 0.19 5.0 0.29 6.0 0.4 3.0 0.26 9.0 0.41 0.0 0.22 1.0 0.3 2.0 0.24 4.0 0.3 8.0 0.42 8.0 0.49
2.0 0.18 2.0 0.18 3.0 0.39 4.0 0.49 7.0 0.32 5.0 0.26 3.0 0.26 0.0 0.2 6.0 0.29 1.0 0.23 4.0 0.33 9.0 0.26 8.0 0.21 6.0 0.4 7.0 0.45
7.0 0.47 7.0 0.26 1.0 0.28 3.0 0.44 2.0 0.19 4.0 0.27 1.0 0.22 5.0 0.39 6.0 0.42 8.0 0.15 4.0 0.15 0.0 0.38 9.0 0.4 0.0 0.4 3.0 0.18
1.0 0.39 7.0 0.32 1.0 0.33 5.0 0.4 4.0 0.42 0.0 0.28 4.0 0.34 8.0 0.22 7.0 0.23 2.0 0.38 0.0 0.29 6.0 0.42 8.0 0.17 3.0 0.45 9.0 0.25
5.0 0.36 9.0 0.3 4.0 0.33 8.0 0.31 6.0 0.35 3.0 0.21 0.0 0.38 0.0 0.2 6.0 0.44 7.0 0.17 3.0 0.45 2.0 0.16 1.0 0.18 2.0 0.44 5.0 0.2
0.0 0.5 5.0 0.39 9.0 0.37 9.0 0.37 7.0 0.5 6.0 0.29 8.0 0.38 3.0 0.32 2.0 0.2 3.0 0.46 4.0 0.35 8.0 0.44 4.0 0.47 1.0 0.41 2.0 0.16
5.0 0.47 4.0 0.32 1.0 0.42 9.0 0.38 7.0 0.45 7.0 0.36 6.0 0.4 3.0 0.45 0.0 0.27 1.0 0.24 2.0 0.29 8.0 0.45 9.0 0.46 2.0 0.19 8.0 0.23
5.0 0.17 3.0 0.2 2.0 0.21 1.0 0.31 3.0 0.33 1.0 0.23 9.0 0.25 0.0 0.23 6.0 0.44 2.0 0.2 8.0 0.37 6.0 0.26 4.0 0.22 7.0 0.27 4.0 0.34
0.0 0.19 3.0 0.35 6.0 0.43 5.0 0.19 8.0 0.38 3.0 0.28 9.0 0.46 2.0 0.36 8.0 0.22 1.0 0.16 7.0 0.48 0.0 0.47 1.0 0.21 7.0 0.28 4.0 0.21
7.0 0.48 7.0 0.47 6.0 0.44 8.0 0.46 5.0 0.38 0.0 0.36 8.0 0.36 4.0 0.48 2.0 0.24 3.0 0.19 2.0 0.36 1.0 0.18 9.0 0.17 1.0 0.22 6.0 0.23
